m:matrix(
[60508.039000, 23460.039000, 11167.060000],
[56748.668000, 35091.063000, 12239.667000],
[44828.512000, 44194.406000, 13077.633000],
[26772.619000, 39016.961000, 14294.700000],
[17669.740000, 22016.180000, 14405.900000],
[28160.467000, 3982.533400, 13548.200000],
[46209.332000, 4160.750000, 12089.833000],
[53672.043000, 9610.355500, 11519.578000],
[59892.574000, 67723.211000, -18838.064000],
[59496.000000, 68734.102000, -32412.340000],
[48801.688000, 68982.711000, -42300.465000],
[33174.828000, 68135.945000, -42194.902000],
[20706.928000, 66438.336000, -31292.090000],
[18726.635000, 65115.230000, -18842.346000],
[25281.594000, 64367.680000, -7630.067900],
[41613.145000, 64824.215000, -3199.214400],
[55473.488000, 66397.859000, -10333.163000],
[56622.129000, 29000.055000, -73598.430000],
[56274.078000, 12774.880000, -74143.078000],
[40483.859000, -2005.939900, -73541.320000],
[24629.039000, -448.705870, -72373.375000],
[15858.380000, 11542.100000, -71372.578000],
[19448.184000, 30190.000000, -70988.570000],
[34039.680000, 40528.641000, -71696.039000],
[49097.816000, 38253.879000, -72838.367000],
[54021.934000, -25599.867000, -37009.934000],
[56124.074000, -22835.604000, -21564.773000],
[41531.941000, -21399.805000, -6890.882300],
[19775.867000, -23787.736000, -11701.057000],
[14317.875000, -26935.982000, -28019.768000],
[20554.607000, -28516.750000, -40030.805000],
[39427.641000, -28225.039000, -46244.922000],
[76122.602000, 43795.160000, -5886.919900],
[56384.898000, 35447.980000, 12315.740000],
[52887.531000, 17910.373000, 13956.471000],
[75118.219000, 3727.419900, -8744.379900],
[82898.320000, 12647.920000, -48547.520000],
[74582.844000, -9490.509800, -35380.590000],
[53302.551000, -22521.941000, -50719.020000],
[58530.660000, 1381.319900, -70380.938000],
[72170.844000, 61438.746000, -33871.234000],
[84302.773000, 42332.230000, -38755.980000],
[75110.328000, 29502.551000, -62518.734000],
[54340.176000, 53487.117000, -63270.000000],
[59657.039000, 65809.141000, -44744.797000],
[22989.461000, 10930.720000, 15009.640000],
[25310.000000, 28030.756000, 16485.307000],
[11791.196000, 41781.512000, 6871.548800],
[-1761.400000, 33439.602000, -2404.600100],
[-5245.083500, 9377.958000, -4598.791500],
[8504.288100, -1011.096100, 4890.211400],
[22055.100000, -10057.200000, -67585.680000],
[17141.039000, -25856.221000, -46498.422000],
[-1939.579000, -15373.685000, -32852.051000],
[-791.019590, 22206.098000, -58022.746000],
[3692.924600, 54506.207000, -30891.906000],
[27028.801000, 62414.781000, -51322.680000],
[20762.020000, 44448.688000, -65745.063000],
[27.326530, 29603.367000, -56622.367000],
[-10807.551000, 4362.754900, -36126.715000],
[5663.935500, 39335.613000, -57672.645000],
[6453.079100, 31173.000000, 7392.052700],
[-8926.980500, -1015.300000, -19492.301000],
[83355.250000, 37409.938000, -47897.543000])$


m:matrix(
[291.063450, 113.713130, 1276.345800],
[258.136410, 128.020370, 1277.766100],
[209.523250, 172.999100, 1274.915000],
[170.981450, 130.191700, 1277.888700],
[181.324550, 120.387580, 1277.904100],
[245.861530, 89.731339, 1278.628900],
[294.062810, 121.963420, 1275.306800],
[302.764770, 149.468540, 1273.024200],
[233.267140, 1392.657200, 15.017810],
[203.592010, 1392.557300, -2.752604],
[155.736850, 1393.029400, -7.647636],
[114.252680, 1389.676800, 23.809822],
[101.026290, 1384.696800, 79.850128],
[119.380910, 1379.588500, 122.272330],
[161.209120, 1378.944600, 143.825740],
[214.160480, 1382.468400, 126.615720],
[236.320360, 1387.087600, 83.490265],
[242.215760, 11.189795, -1374.984700],
[215.187060, -33.170456, -1373.189700],
[150.888600, -40.374237, -1371.120100],
[112.482880, -6.551370, -1371.571900],
[110.003500, 43.429073, -1374.047200],
[149.687290, 87.958473, -1376.602500],
[206.036000, 85.758354, -1378.015400],
[239.702090, 48.810974, -1377.421600],
[300.915220, -1234.563100, 165.659650],
[275.478700, -1229.213700, 209.636290],
[211.044400, -1228.587500, 220.614000],
[165.185120, -1238.101200, 165.435120],
[183.909550, -1246.387200, 109.944210],
[224.628910, -1249.732900, 88.594254],
[284.794010, -1242.982900, 109.335900],
[1090.405600, 188.097380, 923.778990],
[1047.505200, 87.848694, 967.730410],
[1073.105300, 26.065926, 944.586490],
[1171.986100, 73.283478, 848.976500],
[1178.474600, -643.838010, -599.492980],
[1106.590200, -727.453250, -606.936580],
[1052.645800, -705.838130, -715.122860],
[1130.228400, -595.767330, -728.302000],
[1129.735700, 810.115780, -624.426150],
[1142.141100, 735.503360, -695.070920],
[1061.506100, 758.430790, -787.109010],
[1019.275700, 869.130680, -714.166930],
[1081.001700, 862.403990, -641.148800],
[-592.105290, 94.904106, 1010.104400],
[-603.031310, 118.598140, 1002.316400],
[-630.537410, 125.598170, 979.812810],
[-643.206240, 91.889687, 973.293150],
[-628.731810, 65.081406, 983.768620],
[-602.133970, 60.155575, 1002.631500],
[-577.176150, -754.701970, -739.497860],
[-602.960510, -777.783390, -680.900090],
[-627.008480, -793.867550, -626.736020],
[-614.328610, -322.088560, -1016.495800],
[-625.890080, 890.310730, -694.909910],
[-605.864690, 879.412780, -733.597470],
[-628.567570, 850.299010, -737.269350],
[-654.213990, 831.960940, -728.742070],
[-1035.675400, 162.162730, -518.522770],
[-992.199040, 448.731930, -490.748170],
[-943.894040, 461.645630, 496.988680],
[-938.279240, -82.071831, 607.614990],
[1517.703900, 64.273781, -167.382140])$
