m:matrix(
[52058.129000, 14137.937000, 13550.937000],
[29650.127000, 700.085080, 12462.468000],
[15529.468000, 23198.064000, 13584.383000],
[39340.355000, 40405.043000, 14986.042000],
[32391.920000, 67923.398000, -10396.480000],
[17327.064000, 64972.402000, -29889.660000],
[40679.980000, 67638.117000, -46535.348000],
[56203.363000, 69628.422000, -20236.031000],
[49934.254000, -27024.400000, -27695.381000],
[33036.082000, -22050.291000, -6140.625000],
[11905.372000, -25125.500000, -23365.471000],
[28611.500000, -29546.885000, -42323.270000],
[52159.898000, 17151.340000, -75919.500000],
[31380.063000, -5378.979000, -71907.977000],
[13732.592000, 11745.143000, -70378.711000],
[33523.078000, 34111.840000, -74223.242000],
[76683.227000, 5821.285600, -9732.775400],
[75184.703000, 36659.039000, -1775.921500],
[54485.879000, 26235.414000, 13919.342000],
[55182.750000, 2859.500000, 8221.250000],
[76035.977000, -6884.000000, -39282.340000],
[70862.102000, -1331.918300, -7281.408200],
[49329.410000, -27055.471000, -26308.205000],
[78793.477000, 48290.563000, -14099.105000],
[67463.164000, 60763.020000, -46062.285000],
[54666.699000, 66205.859000, -8909.700200],
[51898.191000, 34000.297000, -73881.281000],
[77101.742000, 43191.000000, -54222.727000],
[74965.555000, 12958.021000, -61691.555000],
[56582.082000, 14403.734000, -74418.734000],
[-3871.588100, -2114.176500, -49483.883000],
[-5798.723600, 29020.936000, -46912.469000],
[11720.451000, 30243.773000, -66744.094000],
[11586.305000, 616.000000, -67023.086000],
[729.355530, -4627.111300, -54837.023000],
[-9121.803700, 14405.784000, -11347.667000],
[3073.846200, -2779.307600, -600.384640],
[16363.698000, 27044.094000, 13683.000000],
[-8108.187500, 31688.750000, -15074.750000],
[-6463.000000, 37988.781000, -34928.500000],
[-7916.449200, 10135.530000, -47017.430000],
[-9926.094700, 1081.113200, -22810.113000],
[80669.508000, -152.978730, -31872.510000],
[82559.477000, 37774.086000, -48567.195000],
[85224.422000, 28681.623000, -18127.488000],
[54792.820000, 1251.830300, 7690.401900],
[55726.555000, 11714.000000, 11399.000000],
[53732.652000, -25574.738000, -37559.957000],
[77193.930000, -3674.785600, -43971.570000],
[78205.000000, 19136.838000, -5265.451700],
[78477.141000, 15654.571000, -7112.143100],
[78981.289000, 52396.613000, -21959.988000],
[77257.180000, -4813.411600, -39901.707000],
[77623.914000, 33807.074000, -57999.074000],
[57252.414000, 28484.861000, 12610.034000],
[57829.711000, 68464.563000, -17080.400000],
[56906.953000, 69011.016000, -36749.383000],
[54039.531000, 30623.531000, -74108.336000],
[26156.633000, 12603.612000, 15712.429000],
[26581.445000, 69001.055000, -21172.611000],
[23989.180000, -29908.180000, -35441.102000],
[24451.350000, 29977.000000, -73079.602000],
[26650.119000, 6634.580100, 14370.060000],
[22894.980000, -29793.705000, -29485.471000])$

m:matrix(
[99.096085, 53.377224, 1276.726900],
[84.646782, 72.033554, 1275.315900],
[110.348220, 86.165909, 1277.585200],
[119.590950, 56.869934, 1278.566400],
[52.152058, 1383.444600, -110.550990],
[77.771370, 1384.398700, -116.930840],
[88.277527, 1387.138800, -83.447624],
[130.050110, 1391.732900, -63.728268],
[95.520729, -1233.584600, 184.858380],
[123.427200, -1234.142700, 196.754790],
[109.894870, -1227.487400, 224.864470],
[85.234779, -1227.795200, 212.212550],
[68.751320, -85.155205, -1359.961200],
[96.731499, -99.317841, -1361.232400],
[85.359787, -125.082010, -1356.316500],
[57.149117, -113.105310, -1355.151000],
[1039.410000, -47.953953, 968.120790],
[1056.915600, -47.860329, 953.478150],
[1056.806900, -27.410086, 955.233090],
[1042.036900, -26.949371, 967.409240],
[1041.692000, -925.514950, 209.270310],
[1064.310300, -885.341000, 276.934360],
[1054.074500, -910.070190, 227.171570],
[1016.726100, 1098.918000, 101.206060],
[1035.974400, 1094.592500, -7.388840],
[1024.709000, 1056.627900, 266.268770],
[1015.827600, 242.202470, -1072.203400],
[1001.338300, 277.917390, -1076.942900],
[1023.997100, 279.787200, -1059.729000],
[1028.511200, 256.190090, -1058.987800],
[-784.291560, -57.562172, -927.276730],
[-795.513610, -61.951263, -912.361760],
[-798.671140, -46.393097, -911.919430],
[-788.255070, -41.586140, -924.696840],
[-785.583500, -50.991261, -927.006770],
[-759.305480, 21.413080, 862.993960],
[-768.222780, 12.901649, 852.520630],
[-757.510800, -1.800375, 862.367370],
[-1123.954000, 59.662277, -121.670380],
[-1124.849900, 69.491394, -107.032500],
[-1124.196400, 84.847519, -119.495790],
[-1124.010500, 71.421051, -131.487080],
[1519.335900, -10.390476, -94.372292],
[1518.738300, 139.131680, -137.678850],
[1517.585900, -17.614050, -133.842150],
[203.640640, -667.279420, 1055.689600],
[225.611210, 22.207579, 1277.411000],
[264.227260, -1250.232200, 98.623138],
[1012.700400, -980.527160, -118.184390],
[947.012210, 225.379910, 1030.724000],
[982.976440, 113.716720, 1015.439100],
[909.981200, 1188.421300, -40.346909],
[1012.826600, -976.518550, 53.968548],
[931.926940, 118.615390, -1152.432300],
[225.883090, 57.174881, 1277.826000],
[171.573550, 1391.480200, 51.145454],
[129.245210, 1387.849900, -131.619000],
[165.039430, 44.459778, -1377.052900],
[-547.110780, 73.015495, 1043.866000],
[-626.738770, 1107.174000, -116.478780],
[-513.295410, -1043.511500, 88.892365],
[-596.462040, 59.831360, -1108.991600],
[-524.051940, -51.679150, 1055.384600],
[-549.791630, -998.203550, 207.309740])$

m:matrix(
[52058.129000, 14137.937000, 13550.937000, 99.096085, 53.377224, 1276.726900],
[29650.127000, 700.085080, 12462.468000, 84.646782, 72.033554, 1275.315900],
[15529.468000, 23198.064000, 13584.383000, 110.348220, 86.165909, 1277.585200],
[39340.355000, 40405.043000, 14986.042000, 119.590950, 56.869934, 1278.566400],
[32391.920000, 67923.398000, -10396.480000, 52.152058, 1383.444600, -110.550990],
[17327.064000, 64972.402000, -29889.660000, 77.771370, 1384.398700, -116.930840],
[40679.980000, 67638.117000, -46535.348000, 88.277527, 1387.138800, -83.447624],
[56203.363000, 69628.422000, -20236.031000, 130.050110, 1391.732900, -63.728268],
[49934.254000, -27024.400000, -27695.381000, 95.520729, -1233.584600, 184.858380],
[33036.082000, -22050.291000, -6140.625000, 123.427200, -1234.142700, 196.754790],
[11905.372000, -25125.500000, -23365.471000, 109.894870, -1227.487400, 224.864470],
[28611.500000, -29546.885000, -42323.270000, 85.234779, -1227.795200, 212.212550],
[52159.898000, 17151.340000, -75919.500000, 68.751320, -85.155205, -1359.961200],
[31380.063000, -5378.979000, -71907.977000, 96.731499, -99.317841, -1361.232400],
[13732.592000, 11745.143000, -70378.711000, 85.359787, -125.082010, -1356.316500],
[33523.078000, 34111.840000, -74223.242000, 57.149117, -113.105310, -1355.151000],
[76683.227000, 5821.285600, -9732.775400, 1039.410000, -47.953953, 968.120790],
[75184.703000, 36659.039000, -1775.921500, 1056.915600, -47.860329, 953.478150],
[54485.879000, 26235.414000, 13919.342000, 1056.806900, -27.410086, 955.233090],
[55182.750000, 2859.500000, 8221.250000, 1042.036900, -26.949371, 967.409240],
[76035.977000, -6884.000000, -39282.340000, 1041.692000, -925.514950, 209.270310],
[70862.102000, -1331.918300, -7281.408200, 1064.310300, -885.341000, 276.934360],
[49329.410000, -27055.471000, -26308.205000, 1054.074500, -910.070190, 227.171570],
[78793.477000, 48290.563000, -14099.105000, 1016.726100, 1098.918000, 101.206060],
[67463.164000, 60763.020000, -46062.285000, 1035.974400, 1094.592500, -7.388840],
[54666.699000, 66205.859000, -8909.700200, 1024.709000, 1056.627900, 266.268770],
[51898.191000, 34000.297000, -73881.281000, 1015.827600, 242.202470, -1072.203400],
[77101.742000, 43191.000000, -54222.727000, 1001.338300, 277.917390, -1076.942900],
[74965.555000, 12958.021000, -61691.555000, 1023.997100, 279.787200, -1059.729000],
[56582.082000, 14403.734000, -74418.734000, 1028.511200, 256.190090, -1058.987800],
[-3871.588100, -2114.176500, -49483.883000, -784.291560, -57.562172, -927.276730],
[-5798.723600, 29020.936000, -46912.469000, -795.513610, -61.951263, -912.361760],
[11720.451000, 30243.773000, -66744.094000, -798.671140, -46.393097, -911.919430],
[11586.305000, 616.000000, -67023.086000, -788.255070, -41.586140, -924.696840],
[729.355530, -4627.111300, -54837.023000, -785.583500, -50.991261, -927.006770],
[-9121.803700, 14405.784000, -11347.667000, -759.305480, 21.413080, 862.993960],
[3073.846200, -2779.307600, -600.384640, -768.222780, 12.901649, 852.520630],
[16363.698000, 27044.094000, 13683.000000, -757.510800, -1.800375, 862.367370],
[-8108.187500, 31688.750000, -15074.750000, -1123.954000, 59.662277, -121.670380],
[-6463.000000, 37988.781000, -34928.500000, -1124.849900, 69.491394, -107.032500],
[-7916.449200, 10135.530000, -47017.430000, -1124.196400, 84.847519, -119.495790],
[-9926.094700, 1081.113200, -22810.113000, -1124.010500, 71.421051, -131.487080],
[80669.508000, -152.978730, -31872.510000, 1519.335900, -10.390476, -94.372292],
[82559.477000, 37774.086000, -48567.195000, 1518.738300, 139.131680, -137.678850],
[85224.422000, 28681.623000, -18127.488000, 1517.585900, -17.614050, -133.842150],
[54792.820000, 1251.830300, 7690.401900, 203.640640, -667.279420, 1055.689600],
[55726.555000, 11714.000000, 11399.000000, 225.611210, 22.207579, 1277.411000],
[53732.652000, -25574.738000, -37559.957000, 264.227260, -1250.232200, 98.623138],
[77193.930000, -3674.785600, -43971.570000, 1012.700400, -980.527160, -118.184390],
[78205.000000, 19136.838000, -5265.451700, 947.012210, 225.379910, 1030.724000],
[78477.141000, 15654.571000, -7112.143100, 982.976440, 113.716720, 1015.439100],
[78981.289000, 52396.613000, -21959.988000, 909.981200, 1188.421300, -40.346909],
[77257.180000, -4813.411600, -39901.707000, 1012.826600, -976.518550, 53.968548],
[77623.914000, 33807.074000, -57999.074000, 931.926940, 118.615390, -1152.432300],
[57252.414000, 28484.861000, 12610.034000, 225.883090, 57.174881, 1277.826000],
[57829.711000, 68464.563000, -17080.400000, 171.573550, 1391.480200, 51.145454],
[56906.953000, 69011.016000, -36749.383000, 129.245210, 1387.849900, -131.619000],
[54039.531000, 30623.531000, -74108.336000, 165.039430, 44.459778, -1377.052900],
[26156.633000, 12603.612000, 15712.429000, -547.110780, 73.015495, 1043.866000],
[26581.445000, 69001.055000, -21172.611000, -626.738770, 1107.174000, -116.478780],
[23989.180000, -29908.180000, -35441.102000, -513.295410, -1043.511500, 88.892365],
[24451.350000, 29977.000000, -73079.602000, -596.462040, 59.831360, -1108.991600],
[26650.119000, 6634.580100, 14370.060000, -524.051940, -51.679150, 1055.384600],
[22894.980000, -29793.705000, -29485.471000, -549.791630, -998.203550, 207.309740])$
