[52058.129000, 14137.937000, 13550.937000], [99.096085, 53.377224, 1276.726900]
[44240.832000, 849.444460, 11300.223000], [225.449250, 25.218107, 1276.913600]
[19888.715000, 11995.096000, 14222.238000], [225.122630, 45.084026, 1278.865200]
[25962.416000, 51447.832000, 4679.083500], [-87.536995, 360.280700, 1207.993900]
[30349.371000, 67144.852000, -9617.241200], [132.354740, 1392.189600, -45.443424]
[20041.889000, 66439.758000, -22454.963000], [125.812840, 1388.358000, -132.007740]
[31997.932000, 66661.070000, -45291.387000], [132.716080, 1390.207900, -86.648628]
[45183.973000, 68374.898000, -9218.156300], [129.251600, 1391.774800, -33.887821]
[49934.254000, -27024.400000, -27695.381000], [95.520729, -1233.584600, 184.858380]
[30874.143000, -23996.619000, -9260.476600], [266.264310, -1247.621800, 120.992360]
[19193.561000, -27158.287000, -20453.561000], [262.256680, -1255.036300, 38.862991]
[42275.691000, -27918.744000, -45949.230000], [266.279080, -1247.974000, 102.383640]
[44621.188000, 2688.270300, -74778.594000], [164.361650, 42.139851, -1378.132300]
[29809.828000, -3061.460400, -72539.633000], [173.411760, -58.068756, -1370.874800]
[18632.264000, 6121.631300, -71999.125000], [168.784500, -48.571320, -1372.018600]
[42981.605000, 41695.945000, -72072.242000], [162.965480, 104.378100, -1378.193600]
[56327.375000, -14088.875000, -5138.214400], [992.354680, -400.730380, 901.024290]
[72320.914000, 43330.746000, -741.686580], [977.889770, 150.008790, 1015.513500]
[49536.125000, 15335.667000, 14842.152000], [980.469180, 103.566540, 1015.197000]
[56856.477000, -1217.095200, 5507.285600], [979.504700, -38.720406, 1008.461100]
[67866.875000, -15827.229000, -42991.480000], [1011.319200, -940.412290, 221.683070]
[55594.738000, -24643.801000, -26128.939000], [1002.555800, -814.148860, 523.912600]
[54981.305000, -21172.348000, -52514.781000], [1006.004900, -982.003230, -123.025180]
[78793.477000, 48290.563000, -14099.105000], [1016.726100, 1098.918000, 101.206060]
[70217.445000, 59578.684000, -12752.852000], [901.673710, 1198.389800, -93.333839]
[54666.699000, 66205.859000, -8909.700200], [1024.709000, 1056.627900, 266.268770]
[68641.688000, 41870.250000, -64207.063000], [932.091550, 74.772446, -1156.884400]
[77101.742000, 43191.000000, -54222.727000], [1001.338300, 277.917390, -1076.942900]
[48055.832000, 9495.430700, -76375.219000], [933.192020, 33.577477, -1153.386200]
[56582.082000, 14403.734000, -74418.734000], [1028.511200, 256.190090, -1058.987800]
[-3871.588100, -2114.176500, -49483.883000], [-784.291560, -57.562172, -927.276730]
[-5798.723600, 29020.936000, -46912.469000], [-795.513610, -61.951263, -912.361760]
[11720.451000, 30243.773000, -66744.094000], [-798.671140, -46.393097, -911.919430]
[11586.305000, 616.000000, -67023.086000], [-788.255070, -41.586140, -924.696840]
[729.355530, -4627.111300, -54837.023000], [-785.583500, -50.991261, -927.006770]
[-9121.803700, 14405.784000, -11347.667000], [-759.305480, 21.413080, 862.993960]
[3073.846200, -2779.307600, -600.384640], [-768.222780, 12.901649, 852.520630]
[-3860.326400, 13083.979000, -1386.857200], [-545.232790, 123.344960, 1042.754000]
[-8108.187500, 31688.750000, -15074.750000], [-1123.954000, 59.662277, -121.670380]
[-6463.000000, 37988.781000, -34928.500000], [-1124.849900, 69.491394, -107.032500]
[-7916.449200, 10135.530000, -47017.430000], [-1124.196400, 84.847519, -119.495790]
[-9926.094700, 1081.113200, -22810.113000], [-1124.010500, 71.421051, -131.487080]
[80669.508000, -152.978730, -31872.510000], [1519.335900, -10.390476, -94.372292]
[82559.477000, 37774.086000, -48567.195000], [1518.738300, 139.131680, -137.678850]
[85224.422000, 28681.623000, -18127.488000], [1517.585900, -17.614050, -133.842150]
[54792.820000, 1251.830300, 7690.401900], [203.640640, -667.279420, 1055.689600]
[55726.555000, 11714.000000, 11399.000000], [225.611210, 22.207579, 1277.411000]
[55171.102000, -24377.453000, -26446.547000], [263.078340, -1258.586700, 6.976819]
[78570.133000, -3922.434100, -36383.395000], [1002.912300, -937.635560, -382.371670]
[78205.000000, 19136.838000, -5265.451700], [947.012210, 225.379910, 1030.724000]
[69262.578000, 5908.894500, 185.263150], [974.868530, 153.711560, 1014.616500]
[79843.664000, 52710.020000, -34549.410000], [911.166690, 1184.231100, 28.744766]
[77378.117000, -4450.235400, -41814.410000], [1013.789400, -983.370000, -22.482134]
[78488.133000, 16771.727000, -58554.816000], [937.480710, 48.303310, -1149.980700]
[57252.414000, 28484.861000, 12610.034000], [225.883090, 57.174881, 1277.826000]
[57829.711000, 68464.563000, -17080.400000], [171.573550, 1391.480200, 51.145454]
[56906.953000, 69011.016000, -36749.383000], [129.245210, 1387.849900, -131.619000]
[54039.531000, 30623.531000, -74108.336000], [165.039430, 44.459778, -1377.052900]
[27428.822000, 28115.467000, 17104.199000], [-543.977660, 75.579071, 1042.878500]
[17190.674000, 61335.586000, -7843.009800], [-625.642030, 1114.403700, -27.230770]
[14408.426000, -23673.713000, -49174.305000], [-513.427190, -1047.339200, -37.580799]
[15420.172000, 41478.199000, -64746.086000], [-598.545100, 121.047060, -1109.865800]
[16311.059000, 500.235290, 9809.470700], [-546.299620, 55.556438, 1041.331200]
[5440.500000, -15194.700000, -9231.417000], [-510.599060, -1043.790000, 65.883644]
