[47512.133000, 40805.836000, 14280.033000], [216.347530, 93.641068, 1274.442600]
[56096.199000, 20676.400000, 13598.180000], [209.150330, 269.151820, 1256.140600]
[29538.129000, -1898.128500, 11721.515000], [238.084760, -32.003262, 1267.994300]
[14020.312000, 29469.055000, 10255.774000], [136.237460, 321.734160, 1243.905400]
[31597.941000, 67025.391000, -46352.371000], [124.702930, 1395.118000, -112.885030]
[45219.422000, 69210.313000, -9545.473600], [126.268210, 1396.334800, -50.615471]
[30378.318000, 68107.352000, -10020.546000], [133.799330, 1394.374600, -67.675583]
[20461.754000, 67131.367000, -32646.803000], [126.646100, 1394.241300, -9.321511]
[18451.275000, 8795.745100, -73185.531000], [166.887220, 34.067036, -1380.997700]
[29724.746000, -1931.373200, -73857.063000], [171.950300, -7.316514, -1379.700300]
[54979.676000, 11536.175000, -75244.375000], [173.333330, -54.350121, -1375.335700]
[54239.410000, 29017.164000, -75430.938000], [169.140690, -1.948841, -1380.758500]
[18832.805000, -28628.645000, -24172.264000], [262.554050, -1253.450000, -75.550079]
[30555.574000, -27445.180000, -14740.000000], [265.559230, -1252.423100, -51.100769]
[53974.734000, -25802.037000, -41452.699000], [265.289640, -1251.775900, -14.972542]
[42359.770000, -25117.449000, -53609.813000], [482.216060, -1223.337500, -107.074570]
[69620.953000, 9135.369100, 1890.030800], [965.941960, 249.970980, 1008.839600]
[57277.551000, 6566.612300, 9518.041000], [970.475520, 163.597240, 1016.535200]
[80481.508000, 34436.156000, -7202.111300], [973.710270, 231.867660, 1005.542700]
[56582.797000, -3713.306200, 4343.979500], [976.802610, -99.517479, 1003.090900]
[70305.789000, 60351.961000, -12975.302000], [898.249020, 1203.109300, -105.050610]
[69869.070000, 64626.145000, -31299.465000], [892.810240, 1044.322500, -640.337040]
[80315.430000, 53270.379000, -26620.689000], [916.500730, 1113.617300, 348.779690]
[49859.145000, 72238.961000, -20466.910000], [898.195740, 1203.223100, -43.510281]
[47599.168000, 26501.037000, -77206.391000], [928.760620, 71.667976, -1158.545500]
[48081.371000, 9431.434600, -76905.109000], [929.705570, 34.838097, -1157.296000]
[79091.398000, 19751.250000, -59379.734000], [933.511470, 160.868560, -1153.791000]
[68911.047000, 47283.887000, -61539.363000], [919.652100, 234.867310, -1153.218500]
[78025.586000, -4342.250000, -42781.250000], [1016.855300, -975.229680, -56.661278]
[74506.867000, -6654.311500, -18846.145000], [1006.777000, -513.245540, 818.312130]
[48818.582000, -23865.600000, -13736.055000], [1010.419300, -942.676330, 213.450610]
[68040.945000, -12800.148000, -51372.074000], [1013.662800, -974.615360, -37.982128]
[14363.426000, -25137.682000, -46429.617000], [-509.282010, -1042.559400, 38.096798]
[-5189.634300, -11291.195000, -34136.660000], [-502.401090, -1052.393200, -4.458629]
[5206.425300, -17539.105000, -12646.468000], [-508.729890, -1048.862500, -46.487137]
[23665.070000, -28791.877000, -44968.051000], [-515.644170, -1040.944000, -135.393980]
[24834.334000, 12914.729000, -76122.398000], [-588.615360, 29.020000, -1119.450800]
[14977.379000, 35973.500000, -67581.086000], [-591.809080, -20.230177, -1111.708300]
[-5054.423300, 23716.883000, -52410.719000], [-590.825500, 49.112015, -1117.532500]
[-4586.620100, 5200.259800, -53359.320000], [-583.334960, -73.246590, -1113.098000]
[17215.801000, -25965.488000, -16103.777000], [-509.663970, -1046.962000, -74.787560]
[25536.045000, -30540.623000, -37351.445000], [-482.315980, -1062.388300, 26.082083]
[2444.704800, -15781.640000, -47397.969000], [-504.011660, -1051.854600, -62.243389]
[-4100.387200, -11470.517000, -20577.598000], [-506.669710, -1048.766700, -31.209091]
[-4001.271200, 10313.254000, -1826.847400], [-535.367680, 23.534996, 1046.883300]
[-2940.500000, 25825.723000, -262.111110], [-540.434940, 24.782114, 1044.013800]
[18737.980000, 25570.500000, 15439.000000], [-534.782710, -235.908190, 1001.895200]
[-6063.729000, 9222.167000, -5418.896000], [-609.275700, -66.420746, 988.708920]
[-10257.444000, 2183.851800, -20018.148000], [-1104.850300, 169.523530, 148.839170]
[-9693.682600, 22277.635000, -42592.172000], [-1114.445900, 204.710110, 53.716122]
[-4677.687500, 44007.563000, -23785.500000], [-1117.091700, 200.100740, 19.513788]
[-6717.812500, 20578.125000, -5312.000000], [-1115.865000, 164.785370, 61.711197]
[78274.813000, 21369.334000, -4163.095200], [1452.002600, 295.588960, 296.474090]
[86103.445000, 13973.333000, -27212.822000], [1412.995700, 260.498720, 430.001710]
[83300.336000, 47918.168000, -30689.750000], [1510.664600, 210.172470, 19.262320]
[82824.070000, 25382.334000, -11101.800000], [1519.468900, 53.122795, 21.574060]
[16202.750000, 607.416690, 10029.167000], [-547.388670, 63.156635, 1038.785200]
[18261.389000, 63664.449000, -42383.246000], [-622.828000, 1118.291600, -25.952307]
[17779.273000, 24250.871000, -72528.789000], [168.835080, 36.796951, -1382.192500]
[42392.375000, -27627.277000, -48533.848000], [269.173770, -1248.746500, 30.701422]
[56404.609000, 69377.719000, -15409.667000], [129.528820, 1390.605700, 75.826492]
[57433.094000, 28931.441000, 13080.977000], [224.641620, 65.789017, 1274.586700]
[57029.852000, 70179.953000, -35213.551000], [128.714390, 1395.297200, -83.059990]
[53121.410000, 6580.772900, 11437.250000], [157.130510, -108.380910, 1258.340900]
