99.096085 53.377224 1276.726900
84.646782 72.033554 1275.315900
110.348220 86.165909 1277.585200
119.590950 56.869934 1278.566400
52.152058 1383.444600 -110.550990
77.771370 1384.398700 -116.930840
88.277527 1387.138800 -83.447624
130.050110 1391.732900 -63.728268
95.520729 -1233.584600 184.858380
123.427200 -1234.142700 196.754790
109.894870 -1227.487400 224.864470
85.234779 -1227.795200 212.212550
68.751320 -85.155205 -1359.961200
96.731499 -99.317841 -1361.232400
85.359787 -125.082010 -1356.316500
57.149117 -113.105310 -1355.151000
1039.410000 -47.953953 968.120790
1056.915600 -47.860329 953.478150
1056.806900 -27.410086 955.233090
1042.036900 -26.949371 967.409240
1041.692000 -925.514950 209.270310
1064.310300 -885.341000 276.934360
1054.074500 -910.070190 227.171570
1016.726100 1098.918000 101.206060
1035.974400 1094.592500 -7.388840
1024.709000 1056.627900 266.268770
1015.827600 242.202470 -1072.203400
1001.338300 277.917390 -1076.942900
1023.997100 279.787200 -1059.729000
1028.511200 256.190090 -1058.987800
-784.291560 -57.562172 -927.276730
-795.513610 -61.951263 -912.361760
-798.671140 -46.393097 -911.919430
-788.255070 -41.586140 -924.696840
-785.583500 -50.991261 -927.006770
-759.305480 21.413080 862.993960
-768.222780 12.901649 852.520630
-757.510800 -1.800375 862.367370
-1123.954000 59.662277 -121.670380
-1124.849900 69.491394 -107.032500
-1124.196400 84.847519 -119.495790
-1124.010500 71.421051 -131.487080
1519.335900 -10.390476 -94.372292
1518.738300 139.131680 -137.678850
1517.585900 -17.614050 -133.842150
203.640640 -667.279420 1055.689600
225.611210 22.207579 1277.411000
264.227260 -1250.232200 98.623138
1012.700400 -980.527160 -118.184390
947.012210 225.379910 1030.724000
982.976440 113.716720 1015.439100
909.981200 1188.421300 -40.346909
1012.826600 -976.518550 53.968548
931.926940 118.615390 -1152.432300
225.883090 57.174881 1277.826000
171.573550 1391.480200 51.145454
129.245210 1387.849900 -131.619000
165.039430 44.459778 -1377.052900
-547.110780 73.015495 1043.866000
-626.738770 1107.174000 -116.478780
-513.295410 -1043.511500 88.892365
-596.462040 59.831360 -1108.991600
-524.051940 -51.679150 1055.384600
-549.791630 -998.203550 207.309740
