47512.133000 40805.836000 14280.033000
56096.199000 20676.400000 13598.180000
29538.129000 -1898.128500 11721.515000
14020.312000 29469.055000 10255.774000
31597.941000 67025.391000 -46352.371000
45219.422000 69210.313000 -9545.473600
30378.318000 68107.352000 -10020.546000
20461.754000 67131.367000 -32646.803000
18451.275000 8795.745100 -73185.531000
29724.746000 -1931.373200 -73857.063000
54979.676000 11536.175000 -75244.375000
54239.410000 29017.164000 -75430.938000
18832.805000 -28628.645000 -24172.264000
30555.574000 -27445.180000 -14740.000000
53974.734000 -25802.037000 -41452.699000
42359.770000 -25117.449000 -53609.813000
69620.953000 9135.369100 1890.030800
57277.551000 6566.612300 9518.041000
80481.508000 34436.156000 -7202.111300
56582.797000 -3713.306200 4343.979500
70305.789000 60351.961000 -12975.302000
69869.070000 64626.145000 -31299.465000
80315.430000 53270.379000 -26620.689000
49859.145000 72238.961000 -20466.910000
47599.168000 26501.037000 -77206.391000
48081.371000 9431.434600 -76905.109000
79091.398000 19751.250000 -59379.734000
68911.047000 47283.887000 -61539.363000
78025.586000 -4342.250000 -42781.250000
74506.867000 -6654.311500 -18846.145000
48818.582000 -23865.600000 -13736.055000
68040.945000 -12800.148000 -51372.074000
14363.426000 -25137.682000 -46429.617000
-5189.634300 -11291.195000 -34136.660000
5206.425300 -17539.105000 -12646.468000
23665.070000 -28791.877000 -44968.051000
24834.334000 12914.729000 -76122.398000
14977.379000 35973.500000 -67581.086000
-5054.423300 23716.883000 -52410.719000
-4586.620100 5200.259800 -53359.320000
17215.801000 -25965.488000 -16103.777000
25536.045000 -30540.623000 -37351.445000
2444.704800 -15781.640000 -47397.969000
-4100.387200 -11470.517000 -20577.598000
-4001.271200 10313.254000 -1826.847400
-2940.500000 25825.723000 -262.111110
18737.980000 25570.500000 15439.000000
-6063.729000 9222.167000 -5418.896000
-10257.444000 2183.851800 -20018.148000
-9693.682600 22277.635000 -42592.172000
-4677.687500 44007.563000 -23785.500000
-6717.812500 20578.125000 -5312.000000
78274.813000 21369.334000 -4163.095200
86103.445000 13973.333000 -27212.822000
83300.336000 47918.168000 -30689.750000
82824.070000 25382.334000 -11101.800000
16202.750000 607.416690 10029.167000
18261.389000 63664.449000 -42383.246000
17779.273000 24250.871000 -72528.789000
42392.375000 -27627.277000 -48533.848000
56404.609000 69377.719000 -15409.667000
57433.094000 28931.441000 13080.977000
57029.852000 70179.953000 -35213.551000
53121.410000 6580.772900 11437.250000
