216.347530 93.641068 1274.442600
209.150330 269.151820 1256.140600
238.084760 -32.003262 1267.994300
136.237460 321.734160 1243.905400
124.702930 1395.118000 -112.885030
126.268210 1396.334800 -50.615471
133.799330 1394.374600 -67.675583
126.646100 1394.241300 -9.321511
166.887220 34.067036 -1380.997700
171.950300 -7.316514 -1379.700300
173.333330 -54.350121 -1375.335700
169.140690 -1.948841 -1380.758500
262.554050 -1253.450000 -75.550079
265.559230 -1252.423100 -51.100769
265.289640 -1251.775900 -14.972542
482.216060 -1223.337500 -107.074570
965.941960 249.970980 1008.839600
970.475520 163.597240 1016.535200
973.710270 231.867660 1005.542700
976.802610 -99.517479 1003.090900
898.249020 1203.109300 -105.050610
892.810240 1044.322500 -640.337040
916.500730 1113.617300 348.779690
898.195740 1203.223100 -43.510281
928.760620 71.667976 -1158.545500
929.705570 34.838097 -1157.296000
933.511470 160.868560 -1153.791000
919.652100 234.867310 -1153.218500
1016.855300 -975.229680 -56.661278
1006.777000 -513.245540 818.312130
1010.419300 -942.676330 213.450610
1013.662800 -974.615360 -37.982128
-509.282010 -1042.559400 38.096798
-502.401090 -1052.393200 -4.458629
-508.729890 -1048.862500 -46.487137
-515.644170 -1040.944000 -135.393980
-588.615360 29.020000 -1119.450800
-591.809080 -20.230177 -1111.708300
-590.825500 49.112015 -1117.532500
-583.334960 -73.246590 -1113.098000
-509.663970 -1046.962000 -74.787560
-482.315980 -1062.388300 26.082083
-504.011660 -1051.854600 -62.243389
-506.669710 -1048.766700 -31.209091
-535.367680 23.534996 1046.883300
-540.434940 24.782114 1044.013800
-534.782710 -235.908190 1001.895200
-609.275700 -66.420746 988.708920
-1104.850300 169.523530 148.839170
-1114.445900 204.710110 53.716122
-1117.091700 200.100740 19.513788
-1115.865000 164.785370 61.711197
1452.002600 295.588960 296.474090
1412.995700 260.498720 430.001710
1510.664600 210.172470 19.262320
1519.468900 53.122795 21.574060
-547.388670 63.156635 1038.785200
-622.828000 1118.291600 -25.952307
168.835080 36.796951 -1382.192500
269.173770 -1248.746500 30.701422
129.528820 1390.605700 75.826492
224.641620 65.789017 1274.586700
128.714390 1395.297200 -83.059990
157.130510 -108.380910 1258.340900
