52058.129000 14137.937000 13550.937000
29650.127000 700.085080 12462.468000
15529.468000 23198.064000 13584.383000
39340.355000 40405.043000 14986.042000
32391.920000 67923.398000 -10396.480000
17327.064000 64972.402000 -29889.660000
40679.980000 67638.117000 -46535.348000
56203.363000 69628.422000 -20236.031000
49934.254000 -27024.400000 -27695.381000
33036.082000 -22050.291000 -6140.625000
11905.372000 -25125.500000 -23365.471000
28611.500000 -29546.885000 -42323.270000
52159.898000 17151.340000 -75919.500000
31380.063000 -5378.979000 -71907.977000
13732.592000 11745.143000 -70378.711000
33523.078000 34111.840000 -74223.242000
76683.227000 5821.285600 -9732.775400
75184.703000 36659.039000 -1775.921500
54485.879000 26235.414000 13919.342000
55182.750000 2859.500000 8221.250000
76035.977000 -6884.000000 -39282.340000
70862.102000 -1331.918300 -7281.408200
49329.410000 -27055.471000 -26308.205000
78793.477000 48290.563000 -14099.105000
67463.164000 60763.020000 -46062.285000
54666.699000 66205.859000 -8909.700200
51898.191000 34000.297000 -73881.281000
77101.742000 43191.000000 -54222.727000
74965.555000 12958.021000 -61691.555000
56582.082000 14403.734000 -74418.734000
-3871.588100 -2114.176500 -49483.883000
-5798.723600 29020.936000 -46912.469000
11720.451000 30243.773000 -66744.094000
11586.305000 616.000000 -67023.086000
729.355530 -4627.111300 -54837.023000
-9121.803700 14405.784000 -11347.667000
3073.846200 -2779.307600 -600.384640
16363.698000 27044.094000 13683.000000
-8108.187500 31688.750000 -15074.750000
-6463.000000 37988.781000 -34928.500000
-7916.449200 10135.530000 -47017.430000
-9926.094700 1081.113200 -22810.113000
80669.508000 -152.978730 -31872.510000
82559.477000 37774.086000 -48567.195000
85224.422000 28681.623000 -18127.488000
54792.820000 1251.830300 7690.401900
55726.555000 11714.000000 11399.000000
53732.652000 -25574.738000 -37559.957000
77193.930000 -3674.785600 -43971.570000
78205.000000 19136.838000 -5265.451700
78477.141000 15654.571000 -7112.143100
78981.289000 52396.613000 -21959.988000
77257.180000 -4813.411600 -39901.707000
77623.914000 33807.074000 -57999.074000
57252.414000 28484.861000 12610.034000
57829.711000 68464.563000 -17080.400000
56906.953000 69011.016000 -36749.383000
54039.531000 30623.531000 -74108.336000
26156.633000 12603.612000 15712.429000
26581.445000 69001.055000 -21172.611000
23989.180000 -29908.180000 -35441.102000
24451.350000 29977.000000 -73079.602000
26650.119000 6634.580100 14370.060000
22894.980000 -29793.705000 -29485.471000
