    -235   1132  13972   7771   3943  23922  333.0    0.1    0.3  0.999  1.001   23.1 0.1655
    -184 -12515   1418   7290 -21752   4980  333.2    0.1  -85.7  1.001  1.001   23.1 0.1644
     103   1728 -13174   6097  -3075 -24542  333.3    0.0  177.2  1.002  1.001   23.0 0.2785
       5  14561   1536   6716  21967  -1617  333.2    0.1   85.2  0.997  1.001   23.0 0.3136
    -277   1109  13973   3729  -8729  23281   63.5    0.3    0.2  0.999  1.001   23.1 0.1788
    -243 -12504   1220   2625 -22540  -9149   63.5    0.3  -86.6  0.999  1.000   23.1 0.1258
      18     99 -13157   1893   6726 -24439   63.5    0.3 -176.0  1.002  1.001   23.1 0.2539
     -30  14613    530   3029  21389  10205   63.5    0.3   89.5  0.998  0.998   23.1 0.3140
    -286   1167  13973  -8525  -4648  23347  153.6    0.3    0.5  0.999  1.001   23.1 0.1055
    -227 -12514   1149  -9431 -22465  -4760  153.7    0.3  -86.9  1.000  1.001   23.1 0.1335
      43    808 -13164 -10281   3468 -24076  153.6    0.2 -179.0  1.000  1.000   23.2 0.1527
     -35  14626    148  -9330  21278   4836  153.8    0.3   91.1  0.999  0.997   23.0 0.3618
    -243   1530  13993  -4480   8460  23741  243.3    0.1    2.0  1.001  1.001   23.1 0.1421
    -207 -12373   2439  -4726 -20849  11148  243.3    0.1  -81.4  0.999  0.999   23.1 0.1147
      65    958 -13180  -6081  -8664 -24601  243.3    0.2 -179.6  1.001  0.999   23.0 0.1686
      14  14575   1533  -5653  22105  -6180  243.0    0.1   85.3  0.998  1.001   23.1 0.2368
   -8067    811  11352 -10461   7612  21645  288.4   35.5   -1.5  0.998  1.000   23.1 0.1703
   -8016  -9950   1246 -10662 -19290  10076  288.2   35.4  -85.2  1.001  1.000   23.2 0.1369
   -7834   1049 -10696 -11895  -9317 -22124  288.6   35.6 -179.7  0.999  1.000   23.2 0.2240
   -7902  12177    665 -11556  19316  -8286  288.9   35.6   88.3  1.002  0.999   23.1 0.2331
   -8005    582  11384  -5456  -4647  24405   18.3   35.2   -2.7  0.998  1.001   23.1 0.2144
   -7975  -9986   1106  -6294 -23511  -3052   18.5   35.2  -86.0  1.001  1.000   23.2 0.1326
   -7760    559 -10739  -7264   1624 -25450   18.6   35.2 -177.2  0.999  0.999   23.2 0.2033
   -7845  12184   -264  -6419  22583   2895   18.9   35.4   93.1  1.001  0.999   23.3 0.3475
   -8052   1637  11372 -15184  -8824  17204  108.6   35.4    2.8  1.000  1.000   23.2 0.1130
   -7993  -9961   1156 -16032 -17255  -9627  108.5   35.3  -85.7  1.000  1.000   23.1 0.0806
   -7788    838 -10728 -16493   7980 -17801  108.3   35.4 -178.6  0.999  0.999   23.1 0.0972
   -7891  12076   1987 -15490  13948  12526  108.4   35.4   81.4  1.002  1.001   22.9 0.3384
   -8046   1371  11399 -20057   2366  13584  198.0   35.4    1.4  1.000  1.001   23.0 0.1116
   -7902   1332  11499 -19885   2351  13864  198.1   34.6    1.2  1.000  1.001   23.1 0.0752
   -7864 -10075    916 -20147 -13533   2797  198.2   34.6  -87.0  1.001  1.000   23.0 0.1239
   -7658    753 -10825 -20834  -3878 -14701  198.3   34.7 -178.2  1.000  1.000   23.0 0.1484
   -7734  12292    718 -20535  12382  -2389  198.1   34.7   88.0  1.002  1.000   23.0 0.2482
    7694   1387  11550  14102   9192  17631  288.0  -35.4    2.0  1.000  1.001   23.1 0.1004
    7745 -10020   1487  14016 -15441  10225  288.0  -35.5  -84.9  1.000  1.000   23.1 0.0612
    7964    232 -10505  13053  -9937 -17616  288.2  -35.6 -176.0  0.999  1.002   23.2 0.2616
    7946  12075    693  13088  16261  -8691  287.6  -35.6   89.0  1.002  0.999   23.0 0.2154
    7652    851  11591  18725  -3184  13607   18.1  -35.2   -0.8  1.001  1.000   23.0 0.0874
    7698 -10077   1325  18208 -12926  -2963   18.1  -35.2  -85.7  1.001  1.001   23.0 0.1116
    7975    868 -10565  17734   2880 -13922   18.4  -35.5 -179.3  1.001  1.000   23.0 0.1846
    7927  12059   -152  18293  12870   2938   18.5  -35.5   93.4  1.001  1.002   22.9 0.3186
    7291   1049  11831   8984  -9099  21080  108.7  -33.4    0.2  1.001  0.999   23.1 0.0915
    7286 -10346   1379   7877 -20650  -9249  108.8  -33.1  -85.5  1.001  0.999   23.1 0.1179
    7512   -311 -10767   7257   6433 -22628  108.9  -33.3 -173.3  0.999  0.999   23.1 0.1357
    7501  12366    118   8298  19950   9751  109.3  -33.3   91.9  1.001  1.000   23.1 0.0919
    7566   1674  11643   4798   3772  24868  198.0  -34.7    3.4  1.001  0.999   23.0 0.1886
    7621 -10087   1665   4264 -22825   4298  198.0  -34.9  -84.0  1.000  0.999   23.1 0.1366
    7859    624 -10629   3067  -3740 -25432  198.2  -35.0 -178.0  1.001  0.998   23.2 0.2686
    7802  12180    534   3746  22752  -2176  198.5  -34.9   89.8  1.002  1.000   23.1 0.2055
  -13629   1535    306 -22506   7841  -5336  322.1   88.3   84.2  1.000  1.001   23.1 0.0958
  -13625   1433    550 -23002  -5063  -8867  194.4   88.3   46.0  0.999  1.000   23.1 0.0868
  -13591    385     29 -21879  -9812   4064  310.3   86.7 -107.5  0.998  1.000   23.0 0.2290
  -13620    786    490 -22219   3664   8710  269.6   88.2  -57.5  0.999  1.002   22.9 0.2640
   13516   1720    458  19866   9346   4973  144.3  -86.8   97.5  1.000  0.999   23.0 0.1334
   13444   1895   1502  20223  -3089  10212  106.6  -84.4   44.3  0.999  0.999   23.0 0.1786
   13476    516    790  19839  -8090  -6298  115.7  -87.8  -62.7  0.997  0.999   23.1 0.2852
   13493    906    119  19605   5360  -8869  136.3  -88.1 -171.8  0.998  0.998   23.0 0.3211

G
  1.766 -0.013  0.021    0.004
  0.011  1.766  0.000   -0.078
 -0.019  0.000  1.768   -0.030
M
  1.035  0.007 -0.037    0.049
 -0.018  1.010  0.009    0.014
 -0.006 -0.050  0.923    0.010

Cg
  28941   -205    337      104
    181  28930     -1    -1860
   -311     -1  28966     -728
Cm
  16962    115   -607     1172
   -294  16555    148      332
    -95   -814  15127      247
